BIO2 CIDC
seed	acc	ari	nmi	local_gates	global_gates	topk_max_silhouette_score	topk_min_dbi_score
0	0.8	0.7817536192297186	0.9057460992755191	37.50032915387835	50.105079650878906	0.21030606627464293	0.14992767050862313
1	1.0	1.0	1.0	37.783869062151226	50.1695556640625	0.25028120428323747	0.1370729196816683
2	0.8	0.7802187580066238	0.9009071797634787	38.19063677106585	50.140113830566406	0.19012911319732667	0.10212106686085462
3	0.8	0.7817536192297186	0.9057460992755191	38.481139591761995	50.090171813964844	0.23280414342880248	0.11627306826412678
4	0.8	0.7817536192297186	0.9057460992755191	37.59733363560268	50.1136474609375	0.22283403873443602	0.13137386702001094
5	0.8	0.7817536192297186	0.9057460992755191	37.14203534807478	50.092037200927734	0.21606215834617615	0.08353198133409023
6	0.835	0.7791712084285121	0.887572132790924	37.24304798671177	50.14403533935547	0.24180153310298919	0.129770977050066
7	0.8	0.7802187580066238	0.9009071797634787	37.494476318359375	50.175010681152344	0.19228021204471588	0.12854885831475257
8	0.8	0.7817536192297186	0.9057460992755191	37.630791255405974	50.02048873901367	0.21942519247531891	0.12517243437469006
9	1.0	1.0	1.0	37.85191835675921	50.084938049316406	0.24294871389865874	0.12290210127830506

BIO2 idc
seed	acc	ari	nmi	local_gates	global_gates	topk_max_silhouette_score	topk_min_dbi_score
0	0.8	0.7817536192297186	0.9057460992755191	38.34298433576311	50.0927848815918	0.2033184751868248	0.14209748134016992
1	1.0	1.0	1.0	38.45612662179129	50.16857147216797	0.24532220363616944	0.12092459239065648
2	0.59875	0.6108708575069769	0.7857806661760862	38.87478583199637	50.104183197021484	0.18404839932918549	0.05383555572479963
3	0.785	0.764465924641928	0.8896335623392705	39.159188406808035	50.012847900390625	0.19885352849960328	0.12512268200516702
4	0.66125	0.4542534553663094	0.5548202248243415	38.198037828717915	50.01103973388672	0.1737851545214653	0.1248673215508461
5	0.8	0.7817536192297186	0.9057460992755191	37.870161873953684	50.07746505737305	0.21168508231639863	0.08828317970037461
6	1.0	1.0	1.0	38.13727133614676	50.156551361083984	0.2553094267845154	0.13564217910170556
7	0.8	0.7817536192297186	0.9057460992755191	38.28825977870396	50.137020111083984	0.226007442176342	0.11946280561387539
8	0.8	0.7817536192297186	0.9057460992755191	38.24357114519392	50.1104736328125	0.21554514318704604	0.1278971747495234
9	0.8	0.7817536192297186	0.9057460992755191	38.622532980782644	50.06905746459961	0.21175254583358766	0.1320676166564226

BIO6 CIDC
seed	acc	ari	nmi	local_gates	global_gates	topk_max_silhouette_score	topk_min_dbi_score
0	0.315	0.0031797000781489666	0.019327040832437605	988.5535583496094	999.618896484375	0.18639746755361558	0.10196232991293072
1	0.315	0.00997682778835881	0.017633381209849558	990.7614135742188	999.6959228515625	0.17474648952484131	0.08287779800593853
2	0.42	0.06734694334535797	0.08952142747068598	995.0903930664062	999.938720703125	0.16039858013391495	0.0796966526657343
3	0.515	0.18852635611450724	0.20831562644307222	992.2926025390625	999.93505859375	0.13287754207849503	0.006286947985063307
4	0.34	0.04209504304623203	0.04851327669636674	989.6831359863281	1000.654296875	0.18036043494939805	0.13111766129732133
5	0.415	0.04696593780580028	0.139968320489062	989.5476989746094	999.8194580078125	0.17489547580480574	0.0687386306002736
6	0.32	0.012351221326190267	0.020289219510476183	991.07080078125	999.6656494140625	0.1861407443881035	0.12992359176278115
7	0.405	0.10038273611820316	0.11059723577521562	990.5377807617188	999.7679443359375	0.17898231893777847	0.030154629796743392
8	0.335	0.020987927759647647	0.03578428599612408	991.7004699707031	1000.0972900390625	0.18822712749242781	0.03929995984071866
9	0.425	0.07391153167481052	0.09390124139722908	995.0957641601562	999.9034423828125	0.16743864268064498	0.07458027750253678

BIO6 IDC
seed	acc	ari	nmi	local_gates	global_gates	topk_max_silhouette_score	topk_min_dbi_score
seed	acc	ari	nmi	local_gates	global_gates	topk_max_silhouette_score	topk_min_dbi_score
0	0.33	0.019888491632919673	0.028382659713360233	990.6099243164062	999.618896484375	0.18578167259693146	0.10548352357000113
1	0.315	0.010413781974016349	0.0180653561676516	992.242431640625	999.6959228515625	0.17477865368127823	0.07550564669072628
2	0.42	0.06756059448202364	0.08812103900037757	995.8831176757812	999.938720703125	0.1597294643521309	0.06665742881596089
3	0.44	0.1202255991875031	0.1555692553556702	994.5573120117188	999.93505859375	0.16901875734329225	0.03344140616245568
4	0.34	0.04209504304623203	0.04851327669636674	992.0567016601562	1000.654296875	0.18024376332759856	0.12390692383050919
5	0.435	0.07292095619584794	0.1367422686609392	991.5784606933594	999.8194580078125	0.1733739271759987	0.07283503711223602
6	0.34	0.02733888542000385	0.03795636740921706	992.5303649902344	999.6656494140625	0.1861001208424568	0.13193171918392183
7	0.4	0.10194606028014122	0.12155952264121801	991.8981323242188	999.7679443359375	0.1793386533856392	0.004295610333792865
8	0.355	0.039941025210413934	0.06079609706160777	993.631103515625	1000.0972900390625	0.1888192519545555	0.0160506771877408
9	0.41	0.06092498866565172	0.08266893789867817	995.1726989746094	999.9034423828125	0.16705534607172012	0.07757916375994682
seed	acc	ari	nmi	local_gates	global_gates	topk_max_silhouette_score	topk_min_dbi_score
seed	acc	ari	nmi	local_gates	global_gates	topk_max_silhouette_score	topk_min_dbi_score
0	0.28	0.001974105200679402	0.03137573043085113	0.0	1000.2048950195312	0.9225921630859375	0.9210655331611634
1	0.32	0.015365359083513445	0.07482999697456982	0.0	999.8563232421875	0.877857792377472	0.8757351398468017
2	0.25	0.0	0.0	0.0	1000.0889892578125	nan	nan
3	0.25	0.0	0.0	0.0	999.9644165039062	nan	nan
4	0.285	0.003111954459203036	0.03884196150715179	0.0	1000.1961669921875	0.9409058213233947	0.9380104601383209
5	0.385	0.08379658200665359	0.25060228119971095	0.0	999.9208984375	0.8495482265949249	0.8464585423469544
6	0.25	0.0	0.0	0.0	999.847900390625	nan	nan
7	0.32	0.015248340581368734	0.07404665412069225	0.0	1000.080322265625	0.8795139729976654	0.8775052487850189
8	0.265	-0.0009371939760264871	0.004774745506160437	0.0	1000.1171264648438	0.8826725602149963	0.8811705946922302
9	0.26	0.00020373486759270955	0.01943498205226607	0.0	1000.058837890625	0.9895139515399933	0.9876854062080384
seed	acc	ari	nmi	local_gates	global_gates	topk_max_silhouette_score	topk_min_dbi_score
0	0.405	0.12653254740113923	0.1801846482947258	122.04960346221924	1000.309326171875	0.12149527370929718	0.06214868582319468
1	0.365	0.05116976640940515	0.08621308806524776	122.40327262878418	1000.142578125	0.12249158844351768	0.0431645551989277
2	0.4	0.08436350680319057	0.11960456662735539	121.55979919433594	1000.4654541015625	0.14688074290752412	0.07877302020788193
3	0.465	0.23138047138047138	0.3392407562672937	123.32101345062256	1000.0858154296875	0.1532069370150566	0.06300245262682438
4	0.635	0.35765218812718613	0.46333758309525874	119.93997383117676	1000.126220703125	0.12574642077088355	0.05253890880849212
5	0.325	-0.0020933334236021314	0.013979982577854592	120.45895004272461	999.885498046875	0.14804165661334992	0.06532487589865923
6	0.69	0.5289460937421706	0.596616815949356	121.43160629272461	999.4857788085938	0.11810704991221428	0.04791625272482634
7	0.41	0.11949827509183805	0.18657408869949033	123.17821025848389	1000.1162109375	0.13267120867967605	0.0744174625724554
8	0.35	0.03476347685746511	0.07065379434546708	120.99126434326172	999.910400390625	0.1409411057829857	0.062491633609170094
9	0.385	0.061403479265881494	0.08993963698805957	122.96608924865723	999.89599609375	0.14438566267490388	0.06792983701452612
seed	acc	ari	nmi	local_gates	global_gates	topk_max_silhouette_score	topk_min_dbi_score
0	0.25	0.0	0.0	0.0	1000.254638671875	nan	nan
1	0.25	0.0	0.0	0.0	1000.1041259765625	nan	nan
ALLAML
seed	acc	ari	nmi	local_gates	global_gates	topk_max_silhouette_score	topk_min_dbi_score
0	0.7916666666666666	0.329039523599579	0.24064791505749192	162.43777306874594	3565.1171875	0.5145133078098297	0.2525153115391731
1	0.6527777777777778	0.06250351174890714	0.027570562325785218	301.01326179504395	3564.586669921875	0.5971794188022613	0.4185853868722916
2	0.6666666666666666	0.05627700632863926	0.025461946430815306	8.40952217578888	3564.457275390625	0.6068053603172302	0.514154464006424
3	0.6666666666666666	0.05627700632863926	0.025461946430815306	13.559059540430704	3564.7421875	0.8625626146793366	0.534050527215004
4	0.6805555555555556	0.06621465498126991	0.04139244075390399	30.427953958511353	3564.5185546875	0.8069156348705292	0.5656536757946015
5	0.7083333333333334	0.1194349408705431	0.0856921855812138	20.199654360612232	3565.36376953125	0.7009244978427887	0.41140475273132326
6	0.8055555555555556	0.3604782226878457	0.25568118595842826	70.87088737885158	3564.453125	0.5251682817935943	0.11736587062478065
7	0.7916666666666666	0.32079166070973475	0.219870420915806	167.0398728052775	3563.26123046875	0.7088022291660309	0.4744896084070206
8	0.6527777777777778	0.026443850579407405	0.009600641842410914	74.13099420070648	3564.12109375	0.6638907074928284	0.5397662162780762
9	0.6944444444444444	0.12025057026011371	0.06398481943559575	20.5451819896698	3564.525390625	0.5577172875404358	0.1683611638844013
SRBCT
seed	acc	ari	nmi	local_gates	global_gates	topk_max_silhouette_score	topk_min_dbi_score
0	0.46987951807228917	0.1552340757345396	0.33643771193904354	174.86370625098547	1154.03369140625	0.49580624103546145	0.20713011026382447
1	0.5301204819277109	0.14425389197658425	0.29610223495326027	82.9411336183548	1154.077880859375	0.5334186136722565	0.18547960594296456
2	0.46987951807228917	0.10361414153071441	0.1509501450931338	5.165019238988559	1154.40380859375	0.24593421518802644	0.031591597571969034
3	0.5180722891566265	0.1746640646262301	0.31048130028927373	8.968198572595915	1154.1142578125	0.23390452265739442	0.04172618053853512
4	0.46987951807228917	0.11844808553152061	0.2340178075534481	1.9205696160594623	1154.2587890625	0.2416138157248497	-0.0371940752491355
5	0.6626506024096386	0.29969881848085916	0.4914338811552989	3.9938478792707124	1153.76953125	0.46016516387462614	0.1657080113887787
6	0.5060240963855421	0.15261354026024124	0.302386920187946	3.157590833803018	1153.717041015625	0.5498849213123321	0.11771368533372879
7	0.4819277108433735	0.12422207087429697	0.21509189455232006	63.488508788247906	1154.309326171875	0.36864648163318636	0.01342060649767518
8	0.5301204819277109	0.14104381504303787	0.1895608805294221	152.4694426059723	1154.051025390625	0.24792120158672332	-0.08905709069222212
9	0.42168674698795183	0.02744183211644652	0.11950072140616345	37.80523666739464	1154.0244140625	0.4434463828802109	0.21305570639669896
Prostate
seed	acc	ari	nmi	local_gates	global_gates	topk_max_silhouette_score	topk_min_dbi_score
0	0.6372549019607843	0.0669950620194243	0.0670741847114987	782.1222822825114	2982.666259765625	0.5449513137340546	0.47241788506507876
1	0.5686274509803921	0.009122611932603147	0.01343162839902029	2979.569287109375	2983.49755859375	0.49325240552425387	0.3746757641434669
2	0.6764705882352942	0.11602552763593371	0.09347407466615197	633.4269330342611	2982.710205078125	0.5054474264383316	0.08896273542195558
3	0.6078431372549019	0.038867594728250666	0.042616759200113014	492.499121983846	2983.0146484375	0.6587208926677703	0.4631629347801208
4	0.6568627450980392	0.09007021221860592	0.08411970829115421	434.5961405436198	2983.376220703125	0.8031698167324066	-0.046757254377007486
5	0.5686274509803921	0.009210440629891634	0.013449019497117307	2968.018277994792	2983.3984375	0.6954521477222443	0.6185913503170013
6	0.6274509803921569	0.05855305282586673	0.07540299311870856	697.7430920918782	2982.58203125	0.8491745054721832	0.5615217685699463
7	0.6372549019607843	0.06623695109224714	0.05721645750496897	2940.7052734375	2983.65478515625	0.5775197803974151	0.34954041838645933
8	0.6274509803921569	0.05571559256273152	0.04884239135321186	2921.7807454427084	2982.61181640625	0.5533033311367035	0.4445770114660263
9	0.6176470588235294	0.04908195059211071	0.06622729395029099	742.0057001749675	2982.76806640625	0.7828875362873078	0.4050608091056347
seed	acc	ari	nmi	local_gates	global_gates	topk_max_silhouette_score	topk_min_dbi_score
seed	acc	ari	nmi	local_gates	global_gates	topk_max_silhouette_score	topk_min_dbi_score
0	0.8194444444444444	0.399919191424496	0.3326856151107097	2392.1530532836914	3565.1162109375	0.313244616985321	0.22376298904418945
1	0.6666666666666666	0.05627700632863926	0.025461946430815306	9.186941862106323	3564.586669921875	0.8419000148773194	0.7124803602695465
2	0.6666666666666666	0.04159671387327451	0.02210101924394578	4.224094271659851	3564.4619140625	0.9006641924381256	0.8285173416137696
3	0.7083333333333334	0.1412852946601436	0.07949025074313613	6.416125645240148	3564.7421875	0.6591029167175293	0.4742303043603897
4	0.7916666666666666	0.32750834237013166	0.23135834706546884	31.51015615463257	3564.5166015625	0.7905078291893005	0.3924762398004532
5	0.7777777777777778	0.29859490874165345	0.23252486191095142	691.4376653035482	3565.36376953125	0.33066131770610807	0.16684739887714387
6	0.6527777777777778	0.040791818640570805	0.015207187706704083	9.909353892008463	3564.452392578125	0.8129450261592865	0.7108994722366333
7	0.7083333333333334	0.1552595620827177	0.09431638992807975	25.247512290875118	3563.2626953125	0.7445823192596436	0.1587476022541523
8	0.7222222222222222	0.1858690905037049	0.2290884771835476	54.90324719746908	3564.12060546875	0.6839443922042847	0.5159689337015152
9	0.5	-0.041877317632405806	0.051831201245249564	165.1261698206266	3564.525390625	0.6962744116783142	0.6212458848953247
ALLAML V3
seed	acc	ari	nmi	local_gates	global_gates	topk_max_silhouette_score	topk_min_dbi_score
0	0.5277777777777778	-0.020674018115496334	0.003027476968219847	72.73692603905995	3565.1162109375	0.7241649270057678	0.5872123628854752
1	0.6805555555555556	0.058417981441700344	0.04635826805075829	58.65570624669393	3564.5869140625	0.8670751869678497	0.6890235304832458
2	0.6388888888888888	0.03300095973114875	0.011020306391766382	149.51980845133463	3564.457275390625	0.713358736038208	0.5801754206418991
3	0.75	0.2226214129934823	0.14248572164586737	138.0569316148758	3564.7421875	0.61541468501091	0.09160416461527347
4	0.7777777777777778	0.2834041008664199	0.1948479485805365	329.0742359161377	3564.5166015625	0.7590250790119171	0.4604000121355057
5	0.6388888888888888	0.051784687365652934	0.023638629552907513	234.57014854749045	3565.36376953125	0.6233564078807831	0.41429131031036376
6	0.7361111111111112	0.20573891598253663	0.13106752041572398	106.85027154286702	3564.45166015625	0.6222752928733826	-0.0267340961843729
7	0.6805555555555556	0.11356947584928467	0.06930368636286656	179.44939772288004	3563.26123046875	0.6400773823261261	0.04022601880133152
8	0.8194444444444444	0.3880342072437547	0.2875647020099462	54.05207443237305	3564.12158203125	0.6102527499198913	0.4840944141149521
9	0.7222222222222222	0.1870999703370264	0.18149132349201286	344.37145042419434	3564.52587890625	0.5400712788105011	0.24300711005926132
allaml  v4
seed	acc	ari	nmi	local_gates	global_gates	topk_max_silhouette_score	topk_min_dbi_score
0	0.5694444444444444	-0.0058131830706833025	0.00041306829573759717	162.2642968495687	3565.118408203125	0.587179833650589	0.39430045187473295
1	0.8611111111111112	0.5102028705637711	0.38532986435365746	23.586115558942158	3564.597412109375	0.4788974642753601	0.16847844868898393
2	0.5555555555555556	-0.014812374725722612	0.0002815699997808261	85.14408201972644	3564.4619140625	0.6657144486904144	0.48468375504016875
3	0.5833333333333334	-0.012936281031505648	0.00019441957520612932	48.63522650798162	3564.7421875	0.6418963313102722	0.4985251396894455
4	0.5555555555555556	-0.034915360822850836	0.012440022230380618	35.540712674458824	3564.5166015625	0.6649052977561951	0.5389759689569473
5	0.8055555555555556	0.36209786727891347	0.26376049236307536	53.33328195412954	3565.36376953125	0.5277189522981643	0.059780712518841025
6	0.6944444444444444	0.12431456653944789	0.06722762140242051	388.35018793741864	3564.45166015625	0.3924045205116272	0.25991270840168
7	0.6527777777777778	0.052757672748008876	0.021065328810509147	364.52124706904095	3563.26123046875	0.5106441855430603	0.3097496509552002
8	0.6805555555555556	0.0859900622536981	0.04279532529524355	43.05176520347595	3564.1201171875	0.6825621426105499	0.4805280715227127
9	0.7222222222222222	0.1480278529355771	0.10955896824589689	8.579582889874777	3564.525390625	0.49696176052093505	-0.0047626856481656436
seed	acc	ari	nmi	local_gates	global_gates	topk_max_silhouette_score	topk_min_dbi_score
0	0.5972222222222222	0.005056918426286985	0.0020899231196799643	386.35692596435547	3565.1162109375	0.6824928045272827	0.43364703208208083
1	0.75	0.19780176491671053	0.23438593075302283	174.30287297566733	3564.594482421875	0.8442413151264191	0.4107241243124008
2	0.7638888888888888	0.26008235549088204	0.1698150194884779	243.16669297218323	3564.457275390625	0.722140085697174	0.5563546195626259
3	0.7083333333333334	0.16101947371324543	0.21430934927450562	495.47537358601886	3564.748291015625	0.5119093745946884	0.27609250843524935
4	0.5	-0.05444806122884229	0.13475699215788098	272.86462235450745	3564.5166015625	0.6664342164993287	0.5536996901035309
5	0.6666666666666666	0.09269816814827368	0.053377456808800905	63.94325828552246	3565.3701171875	0.6831815361976623	0.30975443720817564
6	0.6388888888888888	0.026913671890667148	0.0082779000202979	303.03661791483563	3564.45166015625	0.5659452319145203	0.3087790787220001
7	0.75	0.2344640793751059	0.15491194006015768	494.1405652364095	3563.264892578125	0.4383911281824112	0.2945126801729202
8	0.7222222222222222	0.17840481513922896	0.10923048660983507	117.16110173861186	3564.121337890625	0.6432497382164002	0.16726077497005462
seed	acc	ari	nmi	local_gates	global_gates	topk_max_silhouette_score	topk_min_dbi_score
0	0.5972222222222222	0.005056918426286985	0.0020899231196799643	386.35692596435547	3565.1162109375	0.6824928045272827	0.43364703208208083
1	0.75	0.19780176491671053	0.23438593075302283	174.30287297566733	3564.594482421875	0.8442413151264191	0.4107241243124008
2	0.7638888888888888	0.26008235549088204	0.1698150194884779	243.16669297218323	3564.457275390625	0.722140085697174	0.5563546195626259
3	0.7083333333333334	0.16101947371324543	0.21430934927450562	495.47537358601886	3564.748291015625	0.5119093745946884	0.27609250843524935
4	0.5	-0.05444806122884229	0.13475699215788098	272.86462235450745	3564.5166015625	0.6664342164993287	0.5536996901035309
5	0.6666666666666666	0.09269816814827368	0.053377456808800905	63.94325828552246	3565.3701171875	0.6831815361976623	0.30975443720817564
6	0.6388888888888888	0.026913671890667148	0.0082779000202979	303.03661791483563	3564.45166015625	0.5659452319145203	0.3087790787220001
7	0.75	0.2344640793751059	0.15491194006015768	494.1405652364095	3563.264892578125	0.4383911281824112	0.2945126801729202
8	0.7222222222222222	0.17840481513922896	0.10923048660983507	117.16110173861186	3564.121337890625	0.6432497382164002	0.16726077497005462
9	0.625	-0.02420732551927022	0.031212166244344877	309.6025269826253	3564.525390625	0.6872203588485718	0.4055153846740723
heavy版本：
seed	acc	ari	nmi	local_gates	global_gates	topk_max_silhouette_score	topk_min_dbi_score
0	0.6111111111111112	0.034105457916153145	0.022860400241742376	3.1576421658198037	3565.1162109375	0.23605200201272963	0.21295892894268037
1	0.5555555555555556	-0.0009968113052720854	0.015675375844644526	264.58625680208206	3564.586669921875	0.3267413407564163	0.25132688581943513
2	0.5833333333333334	0.015140348677551246	0.020729026341849536	3.027379482984543	3564.46337890625	0.29443971812725067	0.18894464075565337
3	0.6805555555555556	0.11826457462243417	0.14087441008029866	29.334579567114513	3564.7421875	0.30264187455177305	0.20500509291887284
4	0.6111111111111112	0.03556799951977351	0.027278045077764	3.584780673185984	3564.521484375	0.2752187758684158	0.25466458797454833
5	0.5694444444444444	0.005602727901609437	0.009206421624484673	6.145201802253723	3565.364501953125	0.2230784848332405	0.167577300965786
6	0.6666666666666666	0.09682588272679256	0.06495144217638209	13.866646468639374	3564.45166015625	0.2114947810769081	0.15242841094732285
7	0.6805555555555556	0.11826457462243417	0.09081301695495311	995.8533096313477	3563.26123046875	0.16540017873048782	0.1429366171360016
8	0.6527777777777778	0.08140569122898883	0.06994337257656656	327.6243365605672	3564.1201171875	0.20664416402578353	0.13490883857011796
9	0.7777777777777778	0.2993022320863095	0.24886123248129044	129.57001010576883	3564.525390625	0.18831525295972823	0.14681154638528823
seed	acc	ari	nmi	local_gates	global_gates	topk_max_silhouette_score	topk_min_dbi_score
0	0.6944444444444444	0.11061961179286256	0.059671729520490775	42.317536195119224	3565.1162109375	0.6813084721565247	0.44346111118793485
1	0.8333333333333334	0.43637090881025725	0.357010487132758	186.96897077560425	3564.5888671875	0.3464846611022949	0.22176566869020461
2	0.75	0.21411114787514765	0.14955172533903807	11.355138222376505	3564.457275390625	0.7030618488788605	0.3382203981280327
3	0.7777777777777778	0.29610799148018035	0.20940698687445417	246.7775363922119	3564.7421875	0.42020330727100375	0.15133704841136933
4	0.6527777777777778	0.026443850579407405	0.009600641842410914	25.59039564927419	3564.523681640625	0.6371609926223755	0.12468617437407374
5	0.7361111111111112	0.21214944688978812	0.16608028021924884	258.268262386322	3565.36376953125	0.4968490242958069	0.07495545037090778
6	0.8055555555555556	0.36338768817201	0.27514179193386545	385.3744697570801	3564.45166015625	0.4348470658063889	0.2603247195482254
7	0.5694444444444444	-0.03757753064496554	0.015894559841960025	58.620245814323425	3563.261962890625	0.6334128081798553	0.43106682896614074
8	0.6944444444444444	0.0921624911608864	0.06284759407808808	29.378650685151417	3564.1201171875	0.7387665808200836	-0.1334890380036086
9	0.6666666666666666	0.07388682877119483	0.033434622992429754	6.185190478960673	3564.541015625	0.7182580471038819	0.2933434944599867
seed	acc	ari	nmi	local_gates	global_gates	topk_max_silhouette_score	topk_min_dbi_score
0	0.5138888888888888	-0.057169867966349625	0.12409202419236769	687.7544967651368	3563.88525390625	0.7099906384944916	0.6075607538223267
1	0.9583333333333334	0.8371862302580318	0.7399310641529258	611.5744466145833	3563.66650390625	0.42020389437675476	0.13463904112577438
2	0.7222222222222222	0.16392560930732866	0.0982132471389866	264.93798955281574	3564.388671875	0.6677139163017273	0.48517650067806245
3	0.7916666666666666	0.32562738149460657	0.2248024045570676	890.2208292643229	3565.35888671875	0.5948767602443695	0.35661704540252687
4	0.6527777777777778	0.0470615112227997	0.018078531191223678	787.9021901448567	3563.7802734375	0.7244799971580506	0.5657752484083176
5	0.625	0.04168101580812513	0.020893322587550906	391.56190439860023	3564.702880859375	0.5970377564430237	-0.03536270614422392
6	0.8055555555555556	0.3472188411130297	0.2703687339063135	289.46514825820924	3565.014404296875	0.566257831454277	0.20646202340722083
7	0.6666666666666666	0.04159671387327451	0.02210101924394578	424.562993367513	3563.58447265625	0.8912020444869995	0.6028671145439148
8	0.7222222222222222	0.18463447746168773	0.12973378308302838	482.1695057551066	3564.11279296875	0.6363646149635315	0.4215828374028206
9	0.875	0.5476080775843662	0.45934999613539074	253.23948567708334	3564.5703125	0.8430519819259643	0.3245356262661517
seed	acc	ari	nmi	local_gates	global_gates	topk_max_silhouette_score	topk_min_dbi_score
0	0.6388888888888888	0.06516496588758039	0.06077439791854987	1430.2941513061523	3564.8828125	0.2198716878890991	0.18505884632468222
1	0.75	0.2379468385507312	0.17130833648480154	1456.3987426757812	3564.596435546875	0.25392328202724457	0.2037442535161972
2	0.75	0.2391007268938473	0.18248557925589473	1508.262092590332	3563.412109375	0.2595458090305328	0.23627974689006806
3	0.8611111111111112	0.5139167077175446	0.41215817263427285	1388.5986022949219	3564.39599609375	0.1921590507030487	0.13220541924238205
4	0.7777777777777778	0.299655359059592	0.2695727033546241	1543.8263702392578	3563.322509765625	0.23147465139627457	0.20435885936021805
5	0.8055555555555556	0.3604782226878457	0.25568118595842826	1584.0933837890625	3564.500732421875	0.2115831717848778	0.17890979945659638
6	0.9305555555555556	0.734895817207963	0.6273678250589243	1767.6143188476562	3564.07373046875	0.18664916902780532	0.13142760396003722
7	0.7638888888888888	0.2684803702502005	0.21365388969039875	1525.2198028564453	3564.8154296875	0.3780336558818817	0.33409646451473235
8	0.75	0.2402511261226824	0.23395376411352695	1327.1066436767578	3564.753662109375	0.21861486434936522	0.19680341929197312
9	0.7361111111111112	0.21274513282348234	0.1798793781165534	1597.1973724365234	3564.72705078125	0.3047386884689331	0.2306583747267723
seed	acc	ari	nmi	local_gates	global_gates	topk_max_silhouette_score	topk_min_dbi_score
0	0.5882352941176471	0.025865024221818907	0.04619565000939629	2082.3191575270434	2983.327392578125	0.6101544499397278	0.4851494342088699
1	0.5882352941176471	0.02206754063304803	0.02337562201334055	2201.0939096304087	2983.5888671875	0.5615587830543518	0.4288318306207657
2	0.6176470588235294	0.046146122705968	0.042934524886293804	2208.1002291165864	2983.775146484375	0.5580635726451874	0.4613428607583046
3	0.6176470588235294	0.04794628903495162	0.05276609925225015	2081.112022986779	2982.197998046875	0.5656294286251068	0.4719750970602036
4	0.5686274509803921	0.009210440629891634	0.013449019497117307	2040.553729717548	2982.40283203125	0.6701925873756409	0.5846408545970917
5	0.7450980392156863	0.23270090160721285	0.18091222500481183	2275.891639122596	2982.5341796875	0.5058998793363572	0.31435292661190034
6	0.5980392156862745	0.02896408094873601	0.027788623197687448	2136.582782451923	2982.891845703125	0.6128334999084473	0.5384152501821518
7	0.5686274509803921	0.009327521342786861	0.01352579148727778	2199.867384690505	2982.71435546875	0.5603612005710602	0.5069041192531586
8	0.6372549019607843	0.06777944274707542	0.06920407401747157	2162.9605337289663	2982.817138671875	0.5804161906242371	0.5213621735572815
9	0.5784313725490197	0.016033398621958978	0.019528690708482586	2080.6821007361777	2982.970703125	0.589486688375473	0.5085433214902878
seed	acc	ari	nmi	local_gates	global_gates	topk_max_silhouette_score	topk_min_dbi_score
0	0.7777777777777778	0.2993022320863095	0.24886123248129044	3047.4398803710938	3564.884765625	0.1865261435508728	0.12444607242941856
1	0.7916666666666666	0.329039523599579	0.24064791505749192	2852.4015502929688	3564.596435546875	0.25453600883483884	0.1623186871409416
2	0.7638888888888888	0.2645851463345884	0.18094229063717265	3176.662628173828	3563.408935546875	0.24677870124578477	0.21306137442588807
3	0.6944444444444444	0.1402018917026241	0.12368800595762212	3152.189483642578	3564.39501953125	0.10221302136778831	0.06764045432209968
4	0.7777777777777778	0.299655359059592	0.2695727033546241	3296.9348754882812	3563.3212890625	0.2129823848605156	0.18683746010065078
5	0.8055555555555556	0.36209786727891347	0.26376049236307536	3155.7379150390625	3564.497802734375	0.17738525271415712	0.13854135870933532
6	0.9166666666666666	0.6881149953009691	0.5627148162685056	3149.5888671875	3564.075927734375	0.17169590294361115	0.12346993759274483
7	0.7361111111111112	0.21274513282348234	0.1798793781165534	3068.2332153320312	3564.81787109375	0.3622938394546509	0.32449911534786224
8	0.6944444444444444	0.1397683652845318	0.15363682506502072	3048.7618103027344	3564.7509765625	0.18118631094694138	0.16644574254751204
9	0.6944444444444444	0.1402018917026241	0.13722880499125154	3217.3712768554688	3564.72705078125	0.18801935762166977	0.14622480273246766
